  1  2  3  5 39 41
  1  2  3  6 10 14
  1  2  3 13 26 31
  1  2  4  5 11 12
  1  2  4  7 35 36
  1  2  4  8 27 30
  1  2  4 37 48 49
  1  2  4 42 44 47
  1  2  4 43 45 46
  1  2  5  9 29 33
  1  2  5 18 21 25
  1  2  5 19 20 23
  1  2  5 22 24 43
  1  2  6  7 28 32
  1  2  6  9 37 38
  1  2  7  9 13 15
  1  2  8  9 34 40
  1  2  8 16 17 30
  1  3  4  5 28 32
  1  3  4  7 16 17
  1  3  4  8 37 38
  1  3  5  8 13 15
  1  3  6  8 29 33
  1  3  6  9 35 36
  1  3  7  9 27 30
  1  3  7 18 20 24
  1  3  7 19 21 22
  1  3  7 23 25 47
  1  3  7 34 40 45
  1  3  7 42 43 48
  1  3  7 44 46 49
  1  3  9 11 12 31
  1  4  5  6 34 40
  1  4  6  9 26 31
  1  4  6 13 15 37
  1  4  6 18 22 23
  1  4  6 19 24 25
  1  4  6 20 21 45
  1  4  7 17 29 33
  1  4  8  9 10 14
  1  4  9 32 39 41
  1  5  6  9 16 17
  1  5  6 14 27 30
  1  5  7  8 26 31
  1  5  7  9 37 38
  1  5  7 10 14 31
  1  5  8 35 36 44
  1  5  8 42 45 49
  1  5  8 46 47 48
  1  6  7  8 11 12
  1  6  7  8 39 41
  1  6  9 16 42 46
  1  6  9 43 47 49
  1  6  9 44 45 48
  1  8  9 15 18 19
  1  8  9 17 28 32
  1  8  9 20 22 25
  1  8  9 21 23 24
  1  8 29 33 43 44
  1 10 11 14 20 21
  1 10 11 30 44 48
  1 10 11 32 35 41
  1 10 11 42 46 47
  1 10 11 43 45 49
  1 10 12 15 27 28
  1 10 12 17 36 37
  1 10 12 23 24 26
  1 10 13 15 22 25
  1 10 13 16 34 39
  1 10 14 15 38 40
  1 10 14 26 29 33
  1 10 16 17 18 19
  1 11 12 15 34 39
  1 11 12 16 22 25
  1 11 13 14 36 37
  1 11 13 17 23 24
  1 11 15 17 26 31
  1 11 16 17 38 40
  1 11 18 21 28 29
  1 11 19 20 27 33
  1 12 13 14 18 19
  1 12 13 15 29 30
  1 12 13 15 32 33
  1 12 14 16 35 41
  1 12 15 17 20 21
  1 12 15 35 45 47
  1 12 15 42 44 49
  1 12 15 43 46 48
  1 12 18 19 38 40
  1 13 15 17 35 41
  1 13 16 20 21 43
  1 13 16 44 45 46
  1 13 16 47 48 49
  1 13 27 28 45 48
  1 13 34 40 46 48
  1 13 38 39 42 49
  1 14 15 16 23 24
  1 14 17 22 25 28
  1 14 17 27 34 39
  1 14 17 42 45 48
  1 14 17 43 44 47
  1 14 30 32 46 49
  1 15 20 23 36 41
  1 16 24 25 30 32
  1 16 26 33 34 40
  1 16 27 28 36 37
  1 16 29 31 38 41
  1 17 19 24 46 49
  1 18 20 25 35 39
  1 18 21 23 34 37
  1 18 21 26 32 33
  1 18 21 27 30 31
  1 18 22 24 36 41
  1 18 23 31 42 44
  1 18 23 43 46 47
  1 18 23 45 48 49
  1 19 20 24 34 37
  1 19 20 26 28 30
  1 19 20 29 31 32
  1 19 21 25 36 41
  1 19 22 23 35 39
  1 19 24 42 43 48
  1 19 24 44 45 47
  1 20 21 22 38 40
  1 20 21 42 47 49
  1 20 21 44 46 48
  1 21 24 30 35 39
  1 22 23 27 28 32
  1 22 23 29 30 33
  1 22 25 34 37 48
  1 22 25 42 45 46
  1 22 25 43 44 49
  1 22 26 31 42 47
  1 23 24 25 38 40
  1 24 25 26 27 29
  1 24 25 28 31 33
  1 26 27 32 43 44
  1 26 28 33 46 49
  1 26 29 30 45 48
  1 26 33 35 36 38
  1 26 33 37 39 41
  1 27 28 34 38 39
  1 27 28 35 40 41
  1 27 29 31 46 49
  1 27 30 33 42 47
  1 28 29 32 42 47
  1 28 30 31 43 44
  1 29 31 34 35 37
  1 29 31 36 39 40
  1 30 32 34 36 41
  1 30 32 37 38 40
  1 31 32 33 45 48
  1 34 35 41 42 49
  1 34 37 38 44 47
  1 34 37 39 43 45
  1 35 36 39 46 48
  1 35 38 40 43 45
  1 36 37 40 42 49
  1 36 41 43 45 47
  1 37 38 41 46 48
  1 39 40 41 44 47
  2  3  4  6 18 19
  2  3  5  9 45 47
  2  3  5 34 36 37
  2  3  5 35 38 40
  2  3  6 11 13 17
  2  3  6 12 15 16
  2  3  6 20 22 25
  2  3  6 21 23 24
  2  3  7  8 42 46
  2  3  8 43 47 49
  2  3  8 44 45 48
  2  3 13 27 29 32
  2  3 17 28 30 33
  2  4  5 10 15 17
  2  4  5 13 14 16
  2  4  7 34 38 41
  2  4  7 37 39 40
  2  4  8 26 32 33
  2  4  8 28 29 31
  2  4  9 18 20 24
  2  4  9 19 21 22
  2  4  9 23 25 40
  2  5  6  7 43 44
  2  5  6  8 23 25
  2  5  9 26 27 28
  2  5  9 30 31 32
  2  5  9 42 43 48
  2  5  9 44 46 49
  2  6  7 26 29 30
  2  6  7 27 31 33
  2  6  7 42 45 49
  2  6  7 46 47 48
  2  6 31 34 35 39
  2  6 36 38 40 41
  2  7  8 18 22 23
  2  7  8 19 24 25
  2  7  8 20 21 33
  2  7  9 10 11 16
  2  7  9 12 14 17
  2  8  9 35 37 41
  2  8  9 36 38 39
  2  8 10 12 13 40
  2  8 11 14 15 31
  2 10 18 27 37 49
  2 10 19 31 34 47
  2 10 20 30 40 43
  2 10 21 28 38 45
  2 10 22 33 41 42
  2 10 23 29 39 48
  2 10 24 32 35 46
  2 10 25 26 36 44
  2 11 18 28 35 44
  2 11 19 26 41 45
  2 11 20 33 36 46
  2 11 21 27 39 47
  2 11 22 30 34 48
  2 11 23 32 38 42
  2 11 24 29 37 43
  2 11 25 31 40 49
  2 12 18 29 41 47
  2 12 19 30 35 49
  2 12 20 31 38 48
  2 12 21 32 40 44
  2 12 22 26 37 46
  2 12 23 27 36 43
  2 12 24 28 34 42
  2 12 25 33 39 45
  2 13 18 30 36 42
  2 13 19 29 38 46
  2 13 20 27 35 45
  2 13 21 33 34 43
  2 13 22 28 39 49
  2 13 23 31 41 44
  2 13 24 26 40 47
  2 13 25 32 37 48
  2 14 18 31 39 46
  2 14 19 27 40 42
  2 14 20 29 34 44
  2 14 21 26 35 48
  2 14 22 32 36 47
  2 14 23 30 37 45
  2 14 24 33 38 49
  2 14 25 28 41 43
  2 15 18 32 34 45
  2 15 19 33 37 44
  2 15 20 26 39 42
  2 15 21 29 36 49
  2 15 22 31 35 43
  2 15 23 28 40 46
  2 15 24 27 41 48
  2 15 25 30 38 47
  2 16 18 26 38 43
  2 16 19 28 36 48
  2 16 20 32 41 49
  2 16 21 31 37 42
  2 16 22 29 40 45
  2 16 23 33 35 47
  2 16 24 30 39 44
  2 16 25 27 34 46
  2 17 18 33 40 48
  2 17 19 32 39 43
  2 17 20 28 37 47
  2 17 21 30 41 46
  2 17 22 27 38 44
  2 17 23 26 34 49
  2 17 24 31 36 45
  2 17 25 29 35 42
  3  4  5 26 29 30
  3  4  5 27 31 33
  3  4  7 10 12 13
  3  4  7 11 14 15
  3  4  8 18 21 25
  3  4  8 19 20 23
  3  4  8 22 24 47
  3  4  8 34 35 39
  3  4  8 36 40 41
  3  4  9 24 43 44
  3  4  9 42 45 49
  3  4  9 46 47 48
  3  5  6  7 48 49
  3  5  6 42 44 47
  3  5  6 43 45 46
  3  5  8  9 20 21
  3  5  8 10 11 16
  3  5  8 12 14 17
  3  5  9 18 22 23
  3  5  9 19 24 25
  3  6  8 26 27 28
  3  6  8 30 31 32
  3  6  9 34 38 41
  3  6  9 37 39 40
  3  7  9 26 32 33
  3  7  9 28 29 31
  3  7 35 36 37 41
  3  7 36 38 39 41
  3  9 10 15 17 30
  3  9 13 14 16 33
  3 10 18 31 40 45
  3 10 19 27 39 44
  3 10 20 29 37 42
  3 10 21 26 41 49
  3 10 22 32 38 43
  3 10 23 30 34 46
  3 10 24 33 36 48
  3 10 25 28 35 47
  3 11 18 26 36 47
  3 11 19 28 38 49
  3 11 20 32 35 48
  3 11 21 31 34 44
  3 11 22 29 39 46
  3 11 23 33 41 43
  3 11 24 30 40 42
  3 11 25 27 37 45
  3 12 18 30 38 44
  3 12 19 29 36 45
  3 12 20 27 41 46
  3 12 21 33 37 47
  3 12 22 28 40 48
  3 12 23 31 35 42
  3 12 24 26 39 43
  3 12 25 32 34 49
  3 13 18 29 35 43
  3 13 19 30 41 48
  3 13 20 31 36 49
  3 13 21 32 39 42
  3 13 22 26 34 45
  3 13 23 27 38 47
  3 13 24 28 37 44
  3 13 25 33 40 46
  3 14 18 27 34 48
  3 14 19 31 37 43
  3 14 20 30 39 47
  3 14 21 28 36 46
  3 14 22 33 35 44
  3 14 23 29 40 49
  3 14 24 32 41 45
  3 14 25 26 38 42
  3 15 18 33 39 49
  3 15 19 32 40 47
  3 15 20 28 34 43
  3 15 21 30 35 45
  3 15 22 27 36 42
  3 15 23 26 37 48
  3 15 24 31 38 46
  3 15 25 29 41 44
  3 16 18 28 41 42
  3 16 19 26 35 46
  3 16 20 33 38 45
  3 16 21 27 40 43
  3 16 22 30 37 49
  3 16 23 32 36 44
  3 16 24 29 34 47
  3 16 25 31 39 48
  3 17 18 32 37 46
  3 17 19 33 34 42
  3 17 20 26 40 44
  3 17 21 29 38 48
  3 17 22 31 41 47
  3 17 23 28 39 45
  3 17 24 27 35 49
  3 17 25 30 36 43
  4  5  6 26 32 33
  4  5  6 35 37 41
  4  5  6 36 38 39
  4  5  7  8 42 46
  4  5  7  9 18 19
  4  5  7 20 22 25
  4  5  7 21 23 24
  4  5  7 43 47 49
  4  5  7 44 45 48
  4  6  7  8 45 47
  4  6  8 42 43 48
  4  6  8 44 46 49
  4  6  9 27 29 32
  4  6  9 28 30 33
  4  6 10 11 16 31
  4  6 12 14 17 46
  4  7 10 26 27 28
  4  7 16 30 31 32
  4  8  9 11 13 17
  4  8  9 12 15 16
  4  9 13 35 38 40
  4  9 34 36 37 39
  4 10 18 30 35 48
  4 10 19 29 41 43
  4 10 20 27 36 47
  4 10 21 33 39 46
  4 10 22 28 34 44
  4 10 23 31 38 49
  4 10 24 26 37 45
  4 10 25 32 40 42
  4 11 18 33 37 42
  4 11 19 32 34 46
  4 11 20 28 40 45
  4 11 21 30 38 43
  4 11 22 27 41 49
  4 11 23 26 39 44
  4 11 24 31 35 47
  4 11 25 29 36 48
  4 12 18 31 34 43
  4 12 19 27 37 48
  4 12 20 29 39 49
  4 12 21 26 36 42
  4 12 22 32 35 45
  4 12 23 30 40 47
  4 12 24 33 41 44
  4 12 25 28 38 46
  4 13 18 27 40 44
  4 13 19 31 39 45
  4 13 20 30 37 46
  4 13 21 28 41 47
  4 13 22 33 38 48
  4 13 23 29 34 42
  4 13 24 32 36 43
  4 13 25 26 35 49
  4 14 18 29 38 45
  4 14 19 30 36 44
  4 14 20 31 41 42
  4 14 21 32 37 49
  4 14 22 26 40 43
  4 14 23 27 35 46
  4 14 24 28 39 48
  4 14 25 33 34 47
  4 15 18 26 41 46
  4 15 19 28 35 42
  4 15 20 32 38 44
  4 15 21 31 40 48
  4 15 22 29 37 47
  4 15 23 33 36 45
  4 15 24 30 34 49
  4 15 25 27 39 43
  4 16 18 32 39 47
  4 16 19 33 40 49
  4 16 20 26 34 48
  4 16 21 29 35 44
  4 16 22 31 36 46
  4 16 23 28 37 43
  4 16 24 27 38 42
  4 16 25 30 41 45
  4 17 18 28 36 49
  4 17 19 26 38 47
  4 17 20 33 35 43
  4 17 21 27 34 45
  4 17 22 30 39 42
  4 17 23 32 41 48
  4 17 24 29 40 46
  4 17 25 31 37 44
  5  6  8 18 20 24
  5  6  8 19 21 22
  5  6  9 10 12 13
  5  6  9 11 14 15
  5  6 12 28 29 31
  5  7  8 27 29 32
  5  7  8 28 30 33
  5  7  9 34 35 39
  5  7  9 36 40 41
  5  7 10 11 13 17
  5  7 12 15 16 31
  5  8 34 38 41 42
  5  8 37 39 40 43
  5 10 18 28 39 43
  5 10 19 26 40 48
  5 10 20 33 34 49
  5 10 21 27 35 42
  5 10 22 30 36 45
  5 10 23 32 37 47
  5 10 24 29 38 44
  5 10 25 31 41 46
  5 11 18 27 38 46
  5 11 19 31 36 42
  5 11 20 30 41 44
  5 11 21 28 37 48
  5 11 22 33 40 47
  5 11 23 29 35 45
  5 11 24 32 39 49
  5 11 25 26 34 43
  5 12 18 32 36 48
  5 12 19 33 38 43
  5 12 20 26 35 47
  5 12 21 29 34 46
  5 12 22 31 39 44
  5 12 23 28 41 49
  5 12 24 27 40 45
  5 12 25 30 37 42
  5 13 18 33 41 45
  5 13 19 32 35 44
  5 13 20 28 38 42
  5 13 21 30 40 49
  5 13 22 27 37 43
  5 13 23 26 36 46
  5 13 24 31 34 48
  5 13 25 29 39 47
  5 14 18 26 37 44
  5 14 19 28 34 45
  5 14 20 32 40 46
  5 14 21 31 38 47
  5 14 22 29 41 48
  5 14 23 33 39 42
  5 14 24 30 35 43
  5 14 25 27 36 49
  5 15 18 29 40 42
  5 15 19 30 39 46
  5 15 20 31 37 45
  5 15 21 32 41 43
  5 15 22 26 38 49
  5 15 23 27 34 44
  5 15 24 28 36 47
  5 15 25 33 35 48
  5 16 18 31 35 49
  5 16 19 27 41 47
  5 16 20 29 36 43
  5 16 21 26 39 45
  5 16 22 32 34 42
  5 16 23 30 38 48
  5 16 24 33 37 46
  5 16 25 28 40 44
  5 17 18 30 34 47
  5 17 19 29 37 49
  5 17 20 27 39 48
  5 17 21 33 36 44
  5 17 22 28 35 46
  5 17 23 31 40 43
  5 17 24 26 41 42
  5 17 25 32 38 45
  6  7  8 10 15 17
  6  7  8 13 14 16
  6  7  8 34 36 37
  6  7  8 35 38 40
  6  7  9 10 22 24
  6  7  9 18 21 25
  6  7  9 19 20 23
  6  8  9 26 29 30
  6 10 18 33 38 47
  6 10 19 32 36 49
  6 10 20 28 41 48
  6 10 21 30 37 44
  6 10 22 27 40 46
  6 10 23 26 35 43
  6 10 24 31 39 42
  6 10 25 29 34 45
  6 11 18 30 39 45
  6 11 19 29 40 44
  6 11 20 27 34 42
  6 11 21 33 35 49
  6 11 22 28 36 43
  6 11 23 31 37 46
  6 11 24 26 38 48
  6 11 25 32 41 47
  6 12 18 26 40 49
  6 12 19 28 39 47
  6 12 20 32 37 43
  6 12 21 31 41 45
  6 12 22 29 38 42
  6 12 23 33 34 48
  6 12 24 30 36 46
  6 12 25 27 35 44
  6 13 18 28 34 46
  6 13 19 26 37 42
  6 13 20 33 39 44
  6 13 21 27 36 48
  6 13 22 30 35 47
  6 13 23 32 40 45
  6 13 24 29 41 49
  6 13 25 31 38 43
  6 14 18 32 35 42
  6 14 19 33 41 46
  6 14 20 26 36 45
  6 14 21 29 39 43
  6 14 22 31 34 49
  6 14 23 28 38 44
  6 14 24 27 37 47
  6 14 25 30 40 48
  6 15 18 31 36 44
  6 15 19 27 38 45
  6 15 20 29 35 46
  6 15 21 26 34 47
  6 15 22 32 39 48
  6 15 23 30 41 42
  6 15 24 33 40 43
  6 15 25 28 37 49
  6 16 18 29 37 48
  6 16 19 30 34 43
  6 16 20 31 40 47
  6 16 21 32 38 46
  6 16 22 26 41 44
  6 16 23 27 39 49
  6 16 24 28 35 45
  6 16 25 33 36 42
  6 17 18 27 41 43
  6 17 19 31 35 48
  6 17 20 30 38 49
  6 17 21 28 40 42
  6 17 22 33 37 45
  6 17 23 29 36 47
  6 17 24 32 34 44
  6 17 25 26 39 46
  7  8  9 19 48 49
  7  8  9 42 44 47
  7  8  9 43 45 46
  7 10 18 29 36 46
  7 10 19 30 38 42
  7 10 20 31 35 44
  7 10 21 32 34 48
  7 10 22 26 39 47
  7 10 23 27 41 45
  7 10 24 28 40 49
  7 10 25 33 37 43
  7 11 18 32 40 43
  7 11 19 33 39 48
  7 11 20 26 37 49
  7 11 21 29 41 42
  7 11 22 31 38 45
  7 11 23 28 34 47
  7 11 24 27 36 44
  7 11 25 30 35 46
  7 12 18 27 39 42
  7 12 19 31 40 46
  7 12 20 30 34 45
  7 12 21 28 35 43
  7 12 22 33 36 49
  7 12 23 29 37 44
  7 12 24 32 38 47
  7 12 25 26 41 48
  7 13 18 31 37 47
  7 13 19 27 34 49
  7 13 20 29 40 48
  7 13 21 26 38 44
  7 13 22 32 41 46
  7 13 23 30 39 43
  7 13 24 33 35 42
  7 13 25 28 36 45
  7 14 18 30 41 49
  7 14 19 29 35 47
  7 14 20 27 38 43
  7 14 21 33 40 45
  7 14 22 28 37 42
  7 14 23 31 36 48
  7 14 24 26 34 46
  7 14 25 32 39 44
  7 15 18 28 38 48
  7 15 19 26 36 43
  7 15 20 33 41 47
  7 15 21 27 37 46
  7 15 22 30 40 44
  7 15 23 32 35 49
  7 15 24 29 39 45
  7 15 25 31 34 42
  7 16 18 33 34 44
  7 16 19 32 37 45
  7 16 20 28 39 46
  7 16 21 30 36 47
  7 16 22 27 35 48
  7 16 23 26 40 42
  7 16 24 31 41 43
  7 16 25 29 38 49
  7 17 18 26 35 45
  7 17 19 28 41 44
  7 17 20 32 36 42
  7 17 21 31 39 49
  7 17 22 29 34 43
  7 17 23 33 38 46
  7 17 24 30 37 48
  7 17 25 27 40 47
  8  9 16 27 31 33
  8 10 18 32 41 44
  8 10 19 33 35 45
  8 10 20 26 38 46
  8 10 21 29 40 47
  8 10 22 31 37 48
  8 10 23 28 36 42
  8 10 24 27 34 43
  8 10 25 30 39 49
  8 11 18 29 34 49
  8 11 19 30 37 47
  8 11 20 31 39 43
  8 11 21 32 36 45
  8 11 22 26 35 42
  8 11 23 27 40 48
  8 11 24 28 41 46
  8 11 25 33 38 44
  8 12 18 28 37 45
  8 12 19 26 34 44
  8 12 20 33 40 42
  8 12 21 27 38 49
  8 12 22 30 41 43
  8 12 23 32 39 46
  8 12 24 29 35 48
  8 12 25 31 36 47
  8 13 18 26 39 48
  8 13 19 28 40 43
  8 13 20 32 34 47
  8 13 21 31 35 46
  8 13 22 29 36 44
  8 13 23 33 37 49
  8 13 24 30 38 45
  8 13 25 27 41 42
  8 14 18 33 36 43
  8 14 19 32 38 48
  8 14 20 28 35 49
  8 14 21 30 34 42
  8 14 22 27 39 45
  8 14 23 26 41 47
  8 14 24 31 40 44
  8 14 25 29 37 46
  8 15 18 27 35 47
  8 15 19 31 41 49
  8 15 20 30 36 48
  8 15 21 28 39 44
  8 15 22 33 34 46
  8 15 23 29 38 43
  8 15 24 32 37 42
  8 15 25 26 40 45
  8 16 18 30 40 46
  8 16 19 29 39 42
  8 16 20 27 37 44
  8 16 21 33 41 48
  8 16 22 28 38 47
  8 16 23 31 34 45
  8 16 24 26 36 49
  8 16 25 32 35 43
  8 17 18 31 38 42
  8 17 19 27 36 46
  8 17 20 29 41 45
  8 17 21 26 37 43
  8 17 22 32 40 49
  8 17 23 30 35 44
  8 17 24 33 39 47
  8 17 25 28 34 48
  8 20 21 25 26 31
  9 10 18 26 34 42
  9 10 19 28 37 46
  9 10 20 32 39 45
  9 10 21 31 36 43
  9 10 22 29 35 49
  9 10 23 33 40 44
  9 10 24 30 41 47
  9 10 25 27 38 48
  9 11 18 31 41 48
  9 11 19 27 35 43
  9 11 20 29 38 47
  9 11 21 26 40 46
  9 11 22 32 37 44
  9 11 23 30 36 49
  9 11 24 33 34 45
  9 11 25 28 39 42
  9 12 18 33 35 46
  9 12 19 32 41 42
  9 12 20 28 36 44
  9 12 21 30 39 48
  9 12 22 27 34 47
  9 12 23 26 38 45
  9 12 24 31 37 49
  9 12 25 29 40 43
  9 13 18 32 38 49
  9 13 19 33 36 47
  9 13 20 26 41 43
  9 13 21 29 37 45
  9 13 22 31 40 42
  9 13 23 28 35 48
  9 13 24 27 39 46
  9 13 25 30 34 44
  9 14 18 28 40 47
  9 14 19 26 39 49
  9 14 20 33 37 48
  9 14 21 27 41 44
  9 14 22 30 38 46
  9 14 23 32 34 43
  9 14 24 29 36 42
  9 14 25 31 35 45
  9 15 18 30 37 43
  9 15 19 29 34 48
  9 15 20 27 40 49
  9 15 21 33 38 42
  9 15 22 28 41 45
  9 15 23 31 39 47
  9 15 24 26 35 44
  9 15 25 32 36 46
  9 16 18 27 36 45
  9 16 19 31 38 44
  9 16 20 30 35 42
  9 16 21 28 34 49
  9 16 22 33 39 43
  9 16 23 29 41 46
  9 16 24 32 40 48
  9 16 25 26 37 47
  9 17 18 29 39 44
  9 17 19 30 40 45
  9 17 20 31 34 46
  9 17 21 32 35 47
  9 17 22 26 36 48
  9 17 23 27 37 42
  9 17 24 28 38 43
  9 17 25 33 41 49
 10 11 12 28 30 32
 10 11 14 18 24 25
 10 11 14 19 22 23
 10 11 15 29 31 33
 10 11 26 34 37 38
 10 11 27 36 39 40
 10 12 14 27 31 32
 10 12 16 27 29 33
 10 12 16 32 46 49
 10 12 16 42 45 48
 10 12 16 43 44 47
 10 12 17 34 35 40
 10 12 17 38 39 41
 10 12 18 21 22 33
 10 12 19 20 25 46
 10 13 14 15 42 43
 10 13 15 18 20 23
 10 13 15 19 21 24
 10 13 16 35 36 38
 10 13 16 37 40 41
 10 13 17 26 27 31
 10 13 17 28 45 47
 10 13 17 29 32 33
 10 13 17 42 44 49
 10 13 17 43 46 48
 10 13 28 30 31 33
 10 14 15 34 36 41
 10 14 15 35 37 39
 10 14 15 44 45 46
 10 14 15 47 48 49
 10 14 16 28 29 30
 10 14 17 19 21 24
 10 15 16 26 27 32
 10 16 17 20 22 24
 10 16 17 21 23 25
 10 26 27 30 38 41
 11 12 13 14 29 31
 11 12 13 26 27 33
 11 12 15 35 36 38
 11 12 15 37 40 41
 11 12 16 18 20 23
 11 12 16 19 21 24
 11 12 17 22 42 43
 11 12 17 44 45 46
 11 12 17 47 48 49
 11 13 14 26 30 32
 11 13 14 34 35 40
 11 13 14 38 39 41
 11 13 15 18 46 49
 11 13 15 42 45 48
 11 13 15 43 44 47
 11 13 16 26 28 29
 11 13 17 18 21 22
 11 13 17 19 20 25
 11 14 16 27 45 47
 11 14 16 42 44 49
 11 14 16 43 46 48
 11 14 17 28 31 33
 11 15 16 30 32 33
 11 15 19 20 22 24
 11 15 21 22 23 25
 11 15 27 28 30 31
 11 16 17 34 36 41
 11 16 17 35 37 39
 11 17 27 29 30 32
 11 18 19 35 37 41
 11 27 31 32 34 40
 12 13 14 20 22 24
 12 13 14 21 23 25
 12 13 14 28 44 48
 12 13 14 42 46 47
 12 13 14 43 45 49
 12 13 16 17 27 30
 12 13 34 36 41 47
 12 13 35 37 38 39
 12 14 15 26 30 33
 12 14 16 34 37 38
 12 14 16 36 39 40
 12 15 17 18 24 25
 12 15 17 19 22 23
 12 16 17 26 28 33
 12 17 26 29 31 32
 12 30 31 33 36 37
 13 14 15 26 27 28
 13 14 17 18 20 23
 13 15 16 28 31 32
 13 15 17 34 37 38
 13 15 17 36 39 40
 13 16 18 24 25 42
 13 16 19 22 23 26
 14 15 16 17 29 32
 14 15 16 18 21 22
 14 15 16 19 20 25
 14 16 17 26 30 31
 14 17 34 37 40 41
 14 17 35 36 38 49
 14 27 29 33 35 39
 14 28 32 33 38 41
 15 16 17 37 44 48
 15 16 17 42 46 47
 15 16 17 43 45 49
 15 16 34 35 36 40
 15 16 38 39 40 41
 15 17 27 28 29 33
 15 26 29 32 36 37
 16 34 40 42 43 47
 18 19 20 21 47 48
 18 19 20 42 45 46
 18 19 20 43 44 49
 18 19 22 25 28 29
 18 19 23 24 26 31
 18 19 24 27 28 32
 18 19 24 29 30 33
 18 19 34 36 39 44
 18 20 22 25 30 32
 18 20 22 26 27 29
 18 20 22 28 31 33
 18 20 25 34 40 41
 18 20 25 36 37 38
 18 21 22 24 43 45
 18 21 23 35 36 40
 18 21 23 38 39 41
 18 21 25 42 43 48
 18 21 25 44 45 47
 18 21 25 45 46 49
 18 22 24 34 35 38
 18 22 24 37 39 40
 18 22 24 42 47 49
 18 22 24 44 46 48
 18 23 25 26 28 30
 18 23 25 27 32 33
 18 23 25 29 31 32
 19 20 23 25 43 45
 19 20 24 35 36 40
 19 20 24 38 39 41
 19 21 22 31 42 44
 19 21 22 43 46 47
 19 21 22 45 48 49
 19 21 23 26 27 29
 19 21 23 28 31 33
 19 21 23 30 32 39
 19 21 25 34 35 38
 19 21 25 37 39 40
 19 22 23 34 40 41
 19 22 23 36 37 38
 19 22 25 26 32 33
 19 22 25 27 30 31
 19 23 25 42 47 49
 19 23 25 44 46 48
 20 21 22 34 36 39
 20 21 22 35 37 41
 20 21 23 24 28 29
 20 21 25 27 28 32
 20 21 25 29 30 33
 20 22 23 31 46 49
 20 22 23 42 43 48
 20 22 23 44 45 47
 20 23 24 26 32 33
 20 23 24 27 30 31
 20 23 32 34 35 38
 20 23 35 37 39 40
 20 24 25 42 44 46
 20 24 25 43 46 47
 20 24 25 45 48 49
 21 22 23 24 47 48
 21 22 24 25 27 33
 21 22 24 26 28 30
 21 22 24 29 31 32
 21 23 24 42 45 46
 21 23 24 43 44 49
 21 24 34 39 40 41
 21 24 36 37 38 47
 22 25 35 36 40 47
 22 25 35 38 39 41
 23 24 25 34 36 39
 23 24 25 35 37 41
 25 38 39 45 47 48
 26 27 30 34 35 37
 26 27 30 36 39 40
 26 27 32 42 46 48
 26 27 32 45 47 49
 26 28 31 32 35 39
 26 28 31 34 36 41
 26 28 31 37 38 40
 26 28 33 42 44 45
 26 28 33 43 47 48
 26 29 30 42 43 49
 26 29 30 44 46 47
 26 29 32 34 38 39
 26 29 32 35 40 41
 26 31 33 44 48 49
 26 31 43 45 46 48
 27 28 35 44 46 47
 27 28 42 43 46 49
 27 29 31 42 44 45
 27 29 31 43 47 48
 27 29 33 34 36 41
 27 29 33 37 38 40
 27 30 33 43 45 46
 27 30 33 44 48 49
 27 31 32 35 36 38
 27 31 32 37 39 41
 28 29 30 31 34 40
 28 29 30 35 36 38
 28 29 30 37 39 41
 28 29 32 43 45 46
 28 29 32 44 48 49
 28 29 33 45 47 49
 28 30 31 42 46 48
 28 30 31 45 47 49
 28 32 33 34 35 37
 28 32 33 36 39 40
 29 33 42 46 48 49
 30 31 33 34 38 39
 30 31 33 35 40 41
 30 32 35 43 47 48
 30 32 42 43 44 45
 31 32 33 42 43 49
 31 32 33 44 46 47
 34 35 41 43 44 46
 34 35 41 45 47 48
 34 36 38 42 45 46
 34 36 38 43 48 49
 34 37 39 42 44 48
 34 37 39 46 47 49
 34 38 40 44 45 49
 35 36 39 42 43 47
 35 36 39 44 45 49
 35 37 42 45 46 47
 35 37 43 44 48 49
 35 38 40 42 44 48
 35 38 40 46 47 49
 36 37 40 43 44 46
 36 37 40 45 47 48
 36 38 39 43 44 46
 36 41 42 44 47 48
 36 41 44 46 47 49
 37 38 41 42 43 47
 37 38 41 44 45 49
 39 40 41 42 45 46
 39 40 41 43 48 49
